RMS：1.09nm um-1  log(nm^4)  paper 30x30 calc:1.04
3.333333e-02	8.262460e+00
6.666667e-02	8.262460e+00
9.999999e-02	8.262460e+00
1.333333e-01	8.262460e+00
1.666667e-01	8.190468e+00
2.000000e-01	8.122436e+00
2.333334e-01	8.074740e+00
2.666667e-01	8.074740e+00
3.000000e-01	8.052210e+00
3.333333e-01	7.961667e+00
3.666667e-01	7.842476e+00
4.000000e-01	7.836964e+00
4.333333e-01	7.766116e+00
4.666667e-01	7.746880e+00
5.000000e-01	7.744161e+00
5.333333e-01	7.684128e+00
5.666667e-01	7.654026e+00
6.000000e-01	7.598286e+00
6.333333e-01	7.538389e+00
6.666667e-01	7.511570e+00
7.000000e-01	7.538042e+00
7.333333e-01	7.562513e+00
7.666667e-01	7.530756e+00
8.000000e-01	7.513503e+00
8.333333e-01	7.440092e+00
8.666667e-01	7.441326e+00
9.000000e-01	7.470953e+00
9.333334e-01	7.399651e+00
9.666666e-01	7.292021e+00
1.000000e+00	7.315914e+00
1.033333e+00	7.329149e+00
1.066667e+00	7.256270e+00
1.100000e+00	7.266382e+00
1.133333e+00	7.198249e+00
1.166667e+00	7.122538e+00
1.200000e+00	7.118997e+00
1.233333e+00	7.113162e+00
1.266667e+00	7.083189e+00
1.300000e+00	7.029078e+00
1.333333e+00	6.944500e+00
1.366667e+00	6.983590e+00
1.400000e+00	6.883827e+00
1.433333e+00	6.912461e+00
1.466667e+00	6.759208e+00
1.500000e+00	6.693486e+00
1.533333e+00	6.662745e+00
1.566667e+00	6.574332e+00
1.600000e+00	6.542413e+00
1.633333e+00	6.488363e+00
1.666667e+00	6.431966e+00
1.700000e+00	6.386885e+00
1.733333e+00	6.318840e+00
1.766667e+00	6.139027e+00
1.800000e+00	6.102211e+00
1.833333e+00	5.975576e+00
1.866667e+00	5.954272e+00
1.900000e+00	5.886838e+00
1.933333e+00	5.790849e+00
1.966667e+00	5.677152e+00
2.000000e+00	5.594514e+00
2.033333e+00	5.538655e+00
2.066667e+00	5.423505e+00
2.100000e+00	5.365268e+00
2.133333e+00	5.176945e+00
2.166667e+00	5.097349e+00
2.200000e+00	5.035590e+00
2.233334e+00	4.934214e+00
2.266667e+00	4.819560e+00
2.300000e+00	4.754900e+00
2.333333e+00	4.666635e+00
2.366667e+00	4.624897e+00
2.400000e+00	4.583792e+00
2.433333e+00	4.540650e+00
2.466667e+00	4.505545e+00
2.500000e+00	4.466456e+00
2.533333e+00	4.424756e+00
2.566667e+00	4.371195e+00
2.600000e+00	4.345063e+00
2.633333e+00	4.331667e+00
2.666667e+00	4.317379e+00
2.700000e+00	4.302455e+00
2.733333e+00	4.280701e+00
2.766667e+00	4.252964e+00
2.800000e+00	4.217764e+00
2.833333e+00	4.199118e+00
2.866667e+00	4.185049e+00
2.900000e+00	4.166642e+00
2.933333e+00	4.146577e+00
2.966667e+00	4.126404e+00
3.000000e+00	4.106221e+00
3.033333e+00	4.086801e+00
3.066667e+00	4.067616e+00
3.100000e+00	4.052062e+00
3.133333e+00	4.037027e+00
3.166667e+00	4.018801e+00
3.200000e+00	4.000398e+00
3.233333e+00	3.987924e+00
3.266667e+00	3.975580e+00
3.300000e+00	3.955025e+00
3.333333e+00	3.929640e+00
3.366667e+00	3.913960e+00
3.400000e+00	3.899156e+00
3.433333e+00	3.884521e+00
3.466667e+00	3.870075e+00
3.500000e+00	3.855629e+00
3.533333e+00	3.841514e+00
3.566667e+00	3.827412e+00
3.600000e+00	3.813442e+00
3.633333e+00	3.799677e+00
3.666667e+00	3.785911e+00
3.700000e+00	3.768284e+00
3.733334e+00	3.749439e+00
3.766667e+00	3.734360e+00
3.800000e+00	3.723829e+00
3.833333e+00	3.713298e+00
3.866667e+00	3.691221e+00
3.900000e+00	3.664200e+00
3.933333e+00	3.644086e+00
3.966667e+00	3.641143e+00
4.000000e+00	3.638200e+00
4.033333e+00	3.625821e+00
4.066667e+00	3.611416e+00
4.100000e+00	3.596224e+00
4.133333e+00	3.579263e+00
4.166667e+00	3.562769e+00
4.200000e+00	3.548528e+00
4.233333e+00	3.534287e+00
4.266667e+00	3.516558e+00
4.300000e+00	3.473018e+00
4.333333e+00	3.459550e+00
4.366667e+00	3.454191e+00
4.400000e+00	3.449280e+00
4.433333e+00	3.449280e+00
4.466667e+00	3.449280e+00
4.500000e+00	3.449280e+00
4.533333e+00	3.449280e+00
4.566667e+00	3.437569e+00
4.600000e+00	3.424844e+00
4.633334e+00	3.412500e+00
4.666667e+00	3.405051e+00
4.700000e+00	3.397601e+00
4.733333e+00	3.390152e+00
4.766667e+00	3.381035e+00
4.800000e+00	3.364441e+00
4.833333e+00	3.347848e+00
4.866667e+00	3.331254e+00
4.900000e+00	3.320510e+00
4.933333e+00	3.312408e+00
4.966667e+00	3.304307e+00
5.000000e+00	3.295567e+00
5.033333e+00	3.281685e+00
5.066667e+00	3.267802e+00
5.100000e+00	3.255034e+00
5.133333e+00	3.243378e+00
5.166667e+00	3.231721e+00
5.200000e+00	3.220065e+00
5.233333e+00	3.213992e+00
5.266667e+00	3.209583e+00
5.300000e+00	3.205173e+00
5.333333e+00	3.200764e+00
5.366667e+00	3.196354e+00
5.400000e+00	3.188430e+00
5.433333e+00	3.179838e+00
5.466667e+00	3.171246e+00
5.500000e+00	3.157786e+00
5.533333e+00	3.138778e+00
5.566667e+00	3.121323e+00
5.600000e+00	3.110946e+00
5.633333e+00	3.100569e+00
5.666667e+00	3.090192e+00
5.700000e+00	3.081361e+00
5.733333e+00	3.073228e+00
5.766667e+00	3.065095e+00
5.800000e+00	3.056983e+00
5.833333e+00	3.049020e+00
5.866667e+00	3.041056e+00
5.900000e+00	3.033092e+00
5.933333e+00	3.025455e+00
5.966667e+00	3.018164e+00
6.000000e+00	3.010873e+00
6.033333e+00	3.003583e+00
6.066666e+00	2.996292e+00
6.100000e+00	2.990245e+00
6.133333e+00	2.985375e+00
6.166667e+00	2.980504e+00
6.200000e+00	2.975633e+00
6.233333e+00	2.970332e+00
6.266667e+00	2.956977e+00
6.300000e+00	2.943622e+00
6.333333e+00	2.930267e+00
6.366667e+00	2.918831e+00
6.400000e+00	2.907889e+00
6.433333e+00	2.896946e+00
6.466667e+00	2.885054e+00
6.500000e+00	2.872151e+00
6.533333e+00	2.859248e+00
6.566666e+00	2.847709e+00
6.600000e+00	2.846661e+00
6.633333e+00	2.845613e+00
6.666667e+00	2.844564e+00
6.700000e+00	2.843516e+00
6.733333e+00	2.842468e+00
6.766667e+00	2.841419e+00
6.800000e+00	2.838950e+00
6.833333e+00	2.830780e+00
6.866666e+00	2.822611e+00
6.900000e+00	2.814440e+00
6.933333e+00	2.807242e+00
6.966667e+00	2.800564e+00
7.000000e+00	2.793885e+00
7.033333e+00	2.787207e+00
7.066667e+00	2.782100e+00
7.100000e+00	2.780464e+00
7.133333e+00	2.778827e+00
7.166666e+00	2.777191e+00
7.200000e+00	2.775554e+00
7.233333e+00	2.765177e+00
7.266667e+00	2.753621e+00
7.300000e+00	2.742065e+00
7.333333e+00	2.730533e+00
7.366666e+00	2.719179e+00
7.400000e+00	2.707823e+00
7.433334e+00	2.696468e+00
7.466667e+00	2.689308e+00
7.500000e+00	2.692403e+00
7.533333e+00	2.695498e+00
7.566666e+00	2.698593e+00
7.600000e+00	2.701687e+00
7.633334e+00	2.702900e+00
7.666666e+00	2.702900e+00
7.700000e+00	2.702900e+00
7.733333e+00	2.702900e+00
7.766666e+00	2.702900e+00
7.800000e+00	2.702900e+00
7.833334e+00	2.702900e+00
7.866666e+00	2.702900e+00
7.900000e+00	2.695645e+00
7.933333e+00	2.683268e+00
7.966666e+00	2.670891e+00
8.000001e+00	2.658514e+00
8.033333e+00	2.646137e+00
8.066666e+00	2.633760e+00
8.100000e+00	2.621383e+00
8.133333e+00	2.617816e+00
8.166667e+00	2.621467e+00
8.200000e+00	2.625117e+00
8.233333e+00	2.628767e+00
8.266666e+00	2.632417e+00
8.300000e+00	2.636068e+00
8.333334e+00	2.636234e+00
8.366666e+00	2.630657e+00
8.400000e+00	2.625079e+00
8.433334e+00	2.622618e+00
8.466666e+00	2.621593e+00
8.500001e+00	2.620567e+00
8.533333e+00	2.619542e+00
