    /um         	  
3.333333e-02	7.287685e+00
6.666667e-02	8.469069e+00
9.999999e-02	8.179297e+00
1.333333e-01	7.803445e+00
1.666667e-01	7.237880e+00
2.000000e-01	6.737180e+00
2.333334e-01	6.487495e+00
2.666667e-01	6.321204e+00
3.000000e-01	5.930821e+00
3.333333e-01	6.170937e+00
3.666667e-01	5.716355e+00
4.000000e-01	5.660971e+00
4.333333e-01	5.448422e+00
4.666667e-01	5.346768e+00
5.000000e-01	5.366070e+00
5.333333e-01	5.170632e+00
5.666667e-01	4.975503e+00
6.000000e-01	4.806594e+00
6.333333e-01	5.013713e+00
6.666667e-01	4.799421e+00
7.000000e-01	4.848651e+00
7.333333e-01	5.064963e+00
7.666667e-01	4.979456e+00
8.000000e-01	4.913287e+00
8.333333e-01	4.800547e+00
8.666667e-01	4.731015e+00
9.000000e-01	4.509578e+00
9.333334e-01	4.611835e+00
9.666666e-01	4.532276e+00
1.000000e+00	4.445403e+00
1.033333e+00	4.267789e+00
1.066667e+00	4.216004e+00
1.100000e+00	4.136061e+00
1.133333e+00	4.043744e+00
1.166667e+00	4.182886e+00
1.200000e+00	4.411848e+00
1.233333e+00	4.410570e+00
1.266667e+00	4.277045e+00
1.300000e+00	4.266675e+00
1.333333e+00	4.103399e+00
1.366667e+00	4.743310e+00
1.400000e+00	5.021941e+00
1.433333e+00	5.008989e+00
1.466667e+00	4.974001e+00
1.500000e+00	3.950208e+00
1.533333e+00	4.201660e+00
1.566667e+00	4.206403e+00
1.600000e+00	4.096138e+00
1.633333e+00	3.992127e+00
1.666667e+00	4.109899e+00
1.700000e+00	4.120014e+00
1.733333e+00	3.934011e+00
1.766667e+00	4.057166e+00
1.800000e+00	3.826118e+00
1.833333e+00	4.085005e+00
1.866667e+00	3.951096e+00
1.900000e+00	4.111262e+00
1.933333e+00	3.681408e+00
1.966667e+00	3.978873e+00
2.000000e+00	3.971146e+00
2.033333e+00	3.791960e+00
2.066667e+00	3.851642e+00
2.100000e+00	3.817517e+00
2.133333e+00	4.003407e+00
2.166667e+00	3.972220e+00
2.200000e+00	3.843869e+00
2.233334e+00	3.474638e+00
2.266667e+00	3.516632e+00
2.300000e+00	3.667226e+00
2.333333e+00	3.511463e+00
2.366667e+00	3.596670e+00
2.400000e+00	3.468716e+00
2.433333e+00	3.880650e+00
2.466667e+00	3.450669e+00
2.500000e+00	3.551595e+00
2.533333e+00	3.618011e+00
2.566667e+00	3.547724e+00
2.600000e+00	3.450385e+00
2.633333e+00	3.522833e+00
2.666667e+00	3.548187e+00
2.700000e+00	3.371552e+00
2.733333e+00	3.477278e+00
2.766667e+00	4.261178e+00
2.800000e+00	3.985253e+00
2.833333e+00	4.416171e+00
2.866667e+00	3.300405e+00
2.900000e+00	4.123647e+00
2.933333e+00	3.233112e+00
2.966667e+00	3.893455e+00
3.000000e+00	3.893198e+00
3.033333e+00	3.631356e+00
3.066667e+00	3.903838e+00
3.100000e+00	4.116312e+00
3.133333e+00	3.189418e+00
3.166667e+00	3.656532e+00
3.200000e+00	3.551473e+00
3.233333e+00	3.041849e+00
3.266667e+00	3.380035e+00
3.300000e+00	3.263832e+00
3.333333e+00	3.486247e+00
3.366667e+00	3.387162e+00
3.400000e+00	3.693647e+00
3.433333e+00	3.310771e+00
3.466667e+00	3.578077e+00
3.500000e+00	3.210188e+00
3.533333e+00	3.016848e+00
3.566667e+00	3.564503e+00
3.600000e+00	3.383888e+00
3.633333e+00	3.000801e+00
3.666667e+00	3.101973e+00
3.700000e+00	3.158494e+00
3.733334e+00	3.411906e+00
3.766667e+00	3.123192e+00
3.800000e+00	3.050912e+00
3.833333e+00	3.487666e+00
3.866667e+00	3.614186e+00
3.900000e+00	4.099892e+00
3.933333e+00	4.367464e+00
3.966667e+00	3.915178e+00
4.000000e+00	3.793653e+00
4.033333e+00	2.950900e+00
4.066667e+00	3.135974e+00
4.100000e+00	3.662977e+00
4.133333e+00	3.600819e+00
4.166667e+00	3.489228e+00
4.200000e+00	4.032903e+00
4.233333e+00	3.840154e+00
4.266667e+00	4.028566e+00
4.300000e+00	4.216668e+00
4.333333e+00	4.155564e+00
4.366667e+00	4.294849e+00
4.400000e+00	4.170116e+00
4.433333e+00	4.117728e+00
4.466667e+00	4.104799e+00
4.500000e+00	4.077194e+00
4.533333e+00	3.962032e+00
4.566667e+00	3.912872e+00
4.600000e+00	3.867615e+00
4.633334e+00	3.892966e+00
4.666667e+00	3.944540e+00
4.700000e+00	3.877532e+00
4.733333e+00	3.830736e+00
4.766667e+00	3.845496e+00
4.800000e+00	3.926691e+00
4.833333e+00	3.747995e+00
4.866667e+00	3.728576e+00
4.900000e+00	3.723337e+00
4.933333e+00	3.656663e+00
4.966667e+00	3.743052e+00
5.000000e+00	3.691829e+00
5.033333e+00	3.713355e+00
5.066667e+00	3.721683e+00
5.100000e+00	3.793763e+00
5.133333e+00	3.609126e+00
5.166667e+00	3.656875e+00
5.200000e+00	3.564284e+00
5.233333e+00	3.580135e+00
5.266667e+00	3.561150e+00
5.300000e+00	3.646450e+00
5.333333e+00	3.617236e+00
5.366667e+00	3.527818e+00
5.400000e+00	3.612251e+00
5.433333e+00	3.397565e+00
5.466667e+00	3.678304e+00
5.500000e+00	3.630233e+00
5.533333e+00	3.547235e+00
5.566667e+00	3.650633e+00
5.600000e+00	3.472237e+00
5.633333e+00	3.566614e+00
5.666667e+00	3.613475e+00
5.700000e+00	3.488319e+00
5.733333e+00	3.604144e+00
5.766667e+00	3.336169e+00
5.800000e+00	3.350409e+00
5.833333e+00	3.321059e+00
5.866667e+00	3.462183e+00
5.900000e+00	3.278066e+00
5.933333e+00	3.426349e+00
5.966667e+00	3.295728e+00
6.000000e+00	3.382710e+00
6.033333e+00	3.429975e+00
6.066666e+00	3.501890e+00
6.100000e+00	3.325510e+00
6.133333e+00	3.251643e+00
6.166667e+00	3.445208e+00
6.200000e+00	3.303793e+00
6.233333e+00	3.580206e+00
6.266667e+00	3.303181e+00
6.300000e+00	3.363215e+00
6.333333e+00	3.664818e+00
6.366667e+00	3.359764e+00
6.400000e+00	3.404503e+00
6.433333e+00	3.429122e+00
6.466667e+00	3.373392e+00
6.500000e+00	3.397116e+00
6.533333e+00	3.366240e+00
6.566666e+00	3.321650e+00
6.600000e+00	3.522574e+00
6.633333e+00	3.564367e+00
6.666667e+00	3.152684e+00
6.700000e+00	3.319892e+00
6.733333e+00	3.349952e+00
6.766667e+00	3.283258e+00
6.800000e+00	3.173812e+00
6.833333e+00	3.227853e+00
6.866666e+00	3.253308e+00
6.900000e+00	3.284891e+00
6.933333e+00	3.450477e+00
6.966667e+00	3.176683e+00
7.000000e+00	3.184080e+00
7.033333e+00	3.134472e+00
7.066667e+00	3.229704e+00
7.100000e+00	3.208274e+00
7.133333e+00	3.233750e+00
7.166666e+00	3.310610e+00
7.200000e+00	3.207897e+00
7.233333e+00	3.207069e+00
7.266667e+00	3.173206e+00
7.300000e+00	3.084548e+00
7.333333e+00	3.097424e+00
7.366666e+00	3.282173e+00
7.400000e+00	3.152924e+00
7.433334e+00	3.238176e+00
7.466667e+00	3.073129e+00
7.500000e+00	3.130384e+00
7.533333e+00	3.017436e+00
7.566666e+00	3.268426e+00
7.600000e+00	3.170760e+00
7.633334e+00	3.350125e+00
7.666666e+00	3.159907e+00
7.700000e+00	3.047979e+00
7.733333e+00	3.262683e+00
7.766666e+00	3.177617e+00
7.800000e+00	2.970682e+00
7.833334e+00	3.227002e+00
7.866666e+00	2.986026e+00
7.900000e+00	3.199863e+00
7.933333e+00	2.847809e+00
7.966666e+00	3.180714e+00
8.000001e+00	3.058143e+00
8.033333e+00	3.001064e+00
8.066666e+00	3.163018e+00
8.100000e+00	3.011383e+00
8.133333e+00	3.037728e+00
8.166667e+00	3.070970e+00
8.200000e+00	3.199193e+00
8.233333e+00	3.106992e+00
8.266666e+00	3.010122e+00
8.300000e+00	3.050923e+00
8.333334e+00	3.035982e+00
8.366666e+00	3.120994e+00
8.400000e+00	3.062536e+00
8.433334e+00	3.152582e+00
8.466666e+00	2.994098e+00
8.500001e+00	3.153252e+00
8.533333e+00	3.026267e+00
