RMS：3.91nm um-1  log(nm^4)  paper 30x30  cal:rms4.1
3.333333e-02	8.247440e+00
6.666667e-02	8.247440e+00
9.999999e-02	8.247440e+00
1.333333e-01	8.247440e+00
1.666667e-01	8.185214e+00
2.000000e-01	8.111446e+00
2.333334e-01	8.059720e+00
2.666667e-01	8.076523e+00
3.000000e-01	8.052210e+00
3.333333e-01	7.964551e+00
3.666667e-01	7.849470e+00
4.000000e-01	7.856261e+00
4.333333e-01	7.768109e+00
4.666667e-01	7.759000e+00
5.000000e-01	7.788187e+00
5.333333e-01	7.715726e+00
5.666667e-01	7.678240e+00
6.000000e-01	7.723066e+00
6.333333e-01	7.692263e+00
6.666667e-01	7.653546e+00
7.000000e-01	7.635325e+00
7.333333e-01	7.593983e+00
7.666667e-01	7.583989e+00
8.000000e-01	7.574294e+00
8.333333e-01	7.492733e+00
8.666667e-01	7.491954e+00
9.000000e-01	7.555408e+00
9.333334e-01	7.476644e+00
9.666666e-01	7.374521e+00
1.000000e+00	7.413435e+00
1.033333e+00	7.451341e+00
1.066667e+00	7.384821e+00
1.100000e+00	7.411265e+00
1.133333e+00	7.367443e+00
1.166667e+00	7.332480e+00
1.200000e+00	7.301693e+00
1.233333e+00	7.347347e+00
1.266667e+00	7.351987e+00
1.300000e+00	7.306858e+00
1.333333e+00	7.261292e+00
1.366667e+00	7.293762e+00
1.400000e+00	7.242568e+00
1.433333e+00	7.237320e+00
1.466667e+00	7.217390e+00
1.500000e+00	7.217390e+00
1.533333e+00	7.260070e+00
1.566667e+00	7.210555e+00
1.600000e+00	7.250952e+00
1.633333e+00	7.208685e+00
1.666667e+00	7.194388e+00
1.700000e+00	7.230050e+00
1.733333e+00	7.216547e+00
1.766667e+00	7.141176e+00
1.800000e+00	7.130430e+00
1.833333e+00	7.141043e+00
1.866667e+00	7.107193e+00
1.900000e+00	7.145714e+00
1.933333e+00	7.145053e+00
1.966667e+00	7.114167e+00
2.000000e+00	7.082805e+00
2.033333e+00	7.187033e+00
2.066667e+00	7.175652e+00
2.100000e+00	7.107463e+00
2.133333e+00	7.114756e+00
2.166667e+00	7.058364e+00
2.200000e+00	7.077065e+00
2.233334e+00	7.054357e+00
2.266667e+00	7.043480e+00
2.300000e+00	7.011851e+00
2.333333e+00	7.003186e+00
2.366667e+00	7.021101e+00
2.400000e+00	7.023191e+00
2.433333e+00	6.986362e+00
2.466667e+00	7.043779e+00
2.500000e+00	7.007552e+00
2.533333e+00	6.990958e+00
2.566667e+00	6.971367e+00
2.600000e+00	6.924420e+00
2.633333e+00	6.940389e+00
2.666667e+00	6.927171e+00
2.700000e+00	6.939659e+00
2.733333e+00	6.961474e+00
2.766667e+00	6.914818e+00
2.800000e+00	6.943872e+00
2.833333e+00	6.942057e+00
2.866667e+00	6.932838e+00
2.900000e+00	6.916079e+00
2.933333e+00	6.900547e+00
2.966667e+00	6.887687e+00
3.000000e+00	6.837265e+00
3.033333e+00	6.847830e+00
3.066667e+00	6.874160e+00
3.100000e+00	6.902002e+00
3.133333e+00	6.881116e+00
3.166667e+00	6.869999e+00
3.200000e+00	6.869097e+00
3.233333e+00	6.783104e+00
3.266667e+00	6.785694e+00
3.300000e+00	6.834008e+00
3.333333e+00	6.800278e+00
3.366667e+00	6.804350e+00
3.400000e+00	6.804350e+00
3.433333e+00	6.781651e+00
3.466667e+00	6.817378e+00
3.500000e+00	6.805899e+00
3.533333e+00	6.764717e+00
3.566667e+00	6.746380e+00
3.600000e+00	6.745406e+00
3.633333e+00	6.717104e+00
3.666667e+00	6.717760e+00
3.700000e+00	6.685962e+00
3.733334e+00	6.704161e+00
3.766667e+00	6.721862e+00
3.800000e+00	6.717749e+00
3.833333e+00	6.697430e+00
3.866667e+00	6.694448e+00
3.900000e+00	6.653152e+00
3.933333e+00	6.663291e+00
3.966667e+00	6.673430e+00
4.000000e+00	6.668710e+00
4.033333e+00	6.645090e+00
4.066667e+00	6.644930e+00
4.100000e+00	6.644930e+00
4.133333e+00	6.611842e+00
4.166667e+00	6.614503e+00
4.200000e+00	6.606156e+00
4.233333e+00	6.615874e+00
4.266667e+00	6.600039e+00
4.300000e+00	6.630103e+00
4.333333e+00	6.629560e+00
4.366667e+00	6.577913e+00
4.400000e+00	6.597496e+00
4.433333e+00	6.550086e+00
4.466667e+00	6.537913e+00
4.500000e+00	6.521194e+00
4.533333e+00	6.552908e+00
4.566667e+00	6.586446e+00
4.600000e+00	6.563202e+00
4.633334e+00	6.538901e+00
4.666667e+00	6.535413e+00
4.700000e+00	6.527988e+00
4.733333e+00	6.520562e+00
4.766667e+00	6.509144e+00
4.800000e+00	6.476603e+00
4.833333e+00	6.449280e+00
4.866667e+00	6.460377e+00
4.900000e+00	6.465220e+00
4.933333e+00	6.446289e+00
4.966667e+00	6.427357e+00
5.000000e+00	6.436324e+00
5.033333e+00	6.414207e+00
5.066667e+00	6.416177e+00
5.100000e+00	6.418148e+00
5.133333e+00	6.420119e+00
5.166667e+00	6.375278e+00
5.200000e+00	6.373600e+00
5.233333e+00	6.371922e+00
5.266667e+00	6.370244e+00
5.300000e+00	6.399215e+00
5.333333e+00	6.394344e+00
5.366667e+00	6.371467e+00
5.400000e+00	6.351590e+00
5.433333e+00	6.289168e+00
5.466667e+00	6.284913e+00
5.500000e+00	6.280658e+00
5.533333e+00	6.276404e+00
5.566667e+00	6.299022e+00
5.600000e+00	6.330373e+00
5.633333e+00	6.266110e+00
5.666667e+00	6.239976e+00
5.700000e+00	6.243048e+00
5.733333e+00	6.246120e+00
5.766667e+00	6.209626e+00
5.800000e+00	6.206374e+00
5.833333e+00	6.211176e+00
5.866667e+00	6.215979e+00
5.900000e+00	6.189170e+00
5.933333e+00	6.208848e+00
5.966667e+00	6.191231e+00
6.000000e+00	6.174497e+00
6.033333e+00	6.177356e+00
6.066666e+00	6.168436e+00
6.100000e+00	6.170731e+00
6.133333e+00	6.173025e+00
6.166667e+00	6.159697e+00
6.200000e+00	6.152926e+00
6.233333e+00	6.155168e+00
6.266667e+00	6.157411e+00
6.300000e+00	6.156530e+00
6.333333e+00	6.128844e+00
6.366667e+00	6.114452e+00
6.400000e+00	6.103472e+00
6.433333e+00	6.114768e+00
6.466667e+00	6.119279e+00
6.500000e+00	6.111199e+00
6.533333e+00	6.103119e+00
6.566666e+00	6.070659e+00
6.600000e+00	6.054613e+00
6.633333e+00	6.024139e+00
6.666667e+00	6.060941e+00
6.700000e+00	6.043763e+00
6.733333e+00	6.016529e+00
6.766667e+00	5.964804e+00
6.800000e+00	5.954490e+00
6.833333e+00	5.977115e+00
6.866666e+00	6.026629e+00
6.900000e+00	5.996310e+00
6.933333e+00	5.965992e+00
6.966667e+00	5.935673e+00
7.000000e+00	5.969683e+00
7.033333e+00	5.952272e+00
7.066667e+00	5.934860e+00
7.100000e+00	5.926117e+00
7.133333e+00	5.923663e+00
7.166666e+00	5.921208e+00
7.200000e+00	5.915122e+00
7.233333e+00	5.906869e+00
7.266667e+00	5.898615e+00
7.300000e+00	5.890362e+00
7.333333e+00	5.882108e+00
7.366666e+00	5.874574e+00
7.400000e+00	5.868329e+00
7.433334e+00	5.862084e+00
7.466667e+00	5.855840e+00
7.500000e+00	5.849595e+00
7.533333e+00	5.843350e+00
7.566666e+00	5.837106e+00
7.600000e+00	5.824866e+00
7.633334e+00	5.803459e+00
7.666666e+00	5.782543e+00
7.700000e+00	5.779967e+00
7.733333e+00	5.777391e+00
7.766666e+00	5.774815e+00
7.800000e+00	5.772240e+00
7.833334e+00	5.769664e+00
7.866666e+00	5.765764e+00
7.900000e+00	5.759885e+00
7.933333e+00	5.754005e+00
7.966666e+00	5.748126e+00
8.000001e+00	5.742246e+00
8.033333e+00	5.737394e+00
8.066666e+00	5.733698e+00
8.100000e+00	5.730003e+00
8.133333e+00	5.726307e+00
8.166667e+00	5.722612e+00
8.200000e+00	5.718917e+00
8.233333e+00	5.711442e+00
8.266666e+00	5.701308e+00
8.300000e+00	5.691173e+00
8.333334e+00	5.681038e+00
8.366666e+00	5.676386e+00
8.400000e+00	5.684734e+00
8.433334e+00	5.680322e+00
8.466666e+00	5.665869e+00
8.500001e+00	5.651416e+00
8.533333e+00	5.637377e+00
