freq(/um)	log10(PSD/nm^4)
3.333333e-02	8.234597e+00
6.666667e-02	8.234597e+00
9.999999e-02	8.234597e+00
1.333333e-01	8.234597e+00
1.666667e-01	8.172371e+00
2.000000e-01	8.098603e+00
2.333334e-01	8.046877e+00
2.666667e-01	8.063680e+00
3.000000e-01	8.039367e+00
3.333333e-01	7.951708e+00
3.666667e-01	7.836627e+00
4.000000e-01	7.843418e+00
4.333333e-01	7.755266e+00
4.666667e-01	7.746157e+00
5.000000e-01	7.775344e+00
5.333333e-01	7.702883e+00
5.666667e-01	7.665397e+00
6.000000e-01	7.710223e+00
6.333333e-01	7.679420e+00
6.666667e-01	7.640703e+00
7.000000e-01	7.622482e+00
7.333333e-01	7.581140e+00
7.666667e-01	7.571146e+00
8.000000e-01	7.561451e+00
8.333333e-01	7.479890e+00
8.666667e-01	7.479111e+00
9.000000e-01	7.542565e+00
9.333334e-01	7.463801e+00
9.666666e-01	7.361678e+00
1.000000e+00	7.400592e+00
1.033333e+00	7.438498e+00
1.066667e+00	7.371978e+00
1.100000e+00	7.398422e+00
1.133333e+00	7.354600e+00
1.166667e+00	7.319637e+00
1.200000e+00	7.288850e+00
1.233333e+00	7.334504e+00
1.266667e+00	7.339144e+00
1.300000e+00	7.294015e+00
1.333333e+00	7.248449e+00
1.366667e+00	7.280919e+00
1.400000e+00	7.229725e+00
1.433333e+00	7.224477e+00
1.466667e+00	7.204547e+00
1.500000e+00	7.204547e+00
1.533333e+00	7.247227e+00
1.566667e+00	7.197712e+00
1.600000e+00	7.238109e+00
1.633333e+00	7.195842e+00
1.666667e+00	7.181545e+00
1.700000e+00	7.217207e+00
1.733333e+00	7.203704e+00
1.766667e+00	7.128333e+00
1.800000e+00	7.117587e+00
1.833333e+00	7.128200e+00
1.866667e+00	7.094350e+00
1.900000e+00	7.132871e+00
1.933333e+00	7.132210e+00
1.966667e+00	7.101324e+00
2.000000e+00	7.069962e+00
2.033333e+00	7.174190e+00
2.066667e+00	7.162809e+00
2.100000e+00	7.094620e+00
2.133333e+00	7.101913e+00
2.166667e+00	7.045521e+00
2.200000e+00	7.064222e+00
2.233334e+00	7.041514e+00
2.266667e+00	7.030637e+00
2.300000e+00	6.999008e+00
2.333333e+00	6.990343e+00
2.366667e+00	7.008258e+00
2.400000e+00	7.010348e+00
2.433333e+00	6.973519e+00
2.466667e+00	7.030936e+00
2.500000e+00	6.994709e+00
2.533333e+00	6.978115e+00
2.566667e+00	6.958524e+00
2.600000e+00	6.911577e+00
2.633333e+00	6.927546e+00
2.666667e+00	6.914328e+00
2.700000e+00	6.926816e+00
2.733333e+00	6.948631e+00
2.766667e+00	6.901975e+00
2.800000e+00	6.931029e+00
2.833333e+00	6.929214e+00
2.866667e+00	6.919995e+00
2.900000e+00	6.903236e+00
2.933333e+00	6.887704e+00
2.966667e+00	6.874844e+00
3.000000e+00	6.824422e+00
3.033333e+00	6.834987e+00
3.066667e+00	6.861317e+00
3.100000e+00	6.889159e+00
3.133333e+00	6.868273e+00
3.166667e+00	6.857156e+00
3.200000e+00	6.856254e+00
3.233333e+00	6.770261e+00
3.266667e+00	6.772851e+00
3.300000e+00	6.821165e+00
3.333333e+00	6.787435e+00
3.366667e+00	6.791507e+00
3.400000e+00	6.791507e+00
3.433333e+00	6.768808e+00
3.466667e+00	6.804535e+00
3.500000e+00	6.793056e+00
3.533333e+00	6.751874e+00
3.566667e+00	6.733537e+00
3.600000e+00	6.732563e+00
3.633333e+00	6.704261e+00
3.666667e+00	6.704917e+00
3.700000e+00	6.673119e+00
3.733334e+00	6.691318e+00
3.766667e+00	6.709019e+00
3.800000e+00	6.704906e+00
3.833333e+00	6.684587e+00
3.866667e+00	6.681605e+00
3.900000e+00	6.640309e+00
3.933333e+00	6.650448e+00
3.966667e+00	6.660587e+00
4.000000e+00	6.655867e+00
4.033333e+00	6.632247e+00
4.066667e+00	6.632087e+00
4.100000e+00	6.632087e+00
4.133333e+00	6.598999e+00
4.166667e+00	6.601660e+00
4.200000e+00	6.593313e+00
4.233333e+00	6.603031e+00
4.266667e+00	6.587196e+00
4.300000e+00	6.617260e+00
4.333333e+00	6.616717e+00
4.366667e+00	6.565070e+00
4.400000e+00	6.584653e+00
4.433333e+00	6.537243e+00
4.466667e+00	6.525070e+00
4.500000e+00	6.508351e+00
4.533333e+00	6.540065e+00
4.566667e+00	6.573603e+00
4.600000e+00	6.550359e+00
4.633334e+00	6.526058e+00
4.666667e+00	6.522570e+00
4.700000e+00	6.515145e+00
4.733333e+00	6.507719e+00
4.766667e+00	6.496301e+00
4.800000e+00	6.463760e+00
4.833333e+00	6.436437e+00
4.866667e+00	6.447534e+00
4.900000e+00	6.452377e+00
4.933333e+00	6.433446e+00
4.966667e+00	6.414514e+00
5.000000e+00	6.423481e+00
5.033333e+00	6.401364e+00
5.066667e+00	6.403334e+00
5.100000e+00	6.405305e+00
5.133333e+00	6.407276e+00
5.166667e+00	6.362435e+00
5.200000e+00	6.360757e+00
5.233333e+00	6.359079e+00
5.266667e+00	6.357401e+00
5.300000e+00	6.386372e+00
5.333333e+00	6.381501e+00
5.366667e+00	6.358624e+00
5.400000e+00	6.338747e+00
5.433333e+00	6.276325e+00
5.466667e+00	6.272070e+00
5.500000e+00	6.267815e+00
5.533333e+00	6.263561e+00
5.566667e+00	6.286179e+00
5.600000e+00	6.317530e+00
5.633333e+00	6.253267e+00
5.666667e+00	6.227133e+00
5.700000e+00	6.230205e+00
5.733333e+00	6.233277e+00
5.766667e+00	6.196783e+00
5.800000e+00	6.193531e+00
5.833333e+00	6.198333e+00
5.866667e+00	6.203136e+00
5.900000e+00	6.176327e+00
5.933333e+00	6.196005e+00
5.966667e+00	6.178388e+00
6.000000e+00	6.161654e+00
6.033333e+00	6.164513e+00
6.066666e+00	6.155593e+00
6.100000e+00	6.157888e+00
6.133333e+00	6.160182e+00
6.166667e+00	6.146854e+00
6.200000e+00	6.140083e+00
6.233333e+00	6.142325e+00
6.266667e+00	6.144568e+00
6.300000e+00	6.143687e+00
6.333333e+00	6.116001e+00
6.366667e+00	6.101609e+00
6.400000e+00	6.090629e+00
6.433333e+00	6.101925e+00
6.466667e+00	6.106436e+00
6.500000e+00	6.098356e+00
6.533333e+00	6.090276e+00
6.566666e+00	6.057816e+00
6.600000e+00	6.041770e+00
6.633333e+00	6.011296e+00
6.666667e+00	6.048098e+00
6.700000e+00	6.030920e+00
6.733333e+00	6.003686e+00
6.766667e+00	5.951961e+00
6.800000e+00	5.941647e+00
6.833333e+00	5.964272e+00
6.866666e+00	6.013786e+00
6.900000e+00	5.983467e+00
6.933333e+00	5.953149e+00
6.966667e+00	5.922830e+00
7.000000e+00	5.956840e+00
7.033333e+00	5.939429e+00
7.066667e+00	5.922017e+00
7.100000e+00	5.913274e+00
7.133333e+00	5.910820e+00
7.166666e+00	5.908365e+00
7.200000e+00	5.902279e+00
7.233333e+00	5.894026e+00
7.266667e+00	5.885772e+00
7.300000e+00	5.877519e+00
7.333333e+00	5.869265e+00
7.366666e+00	5.861731e+00
7.400000e+00	5.855486e+00
7.433334e+00	5.849241e+00
7.466667e+00	5.842997e+00
7.500000e+00	5.836752e+00
7.533333e+00	5.830507e+00
7.566666e+00	5.824263e+00
7.600000e+00	5.812023e+00
7.633334e+00	5.790616e+00
7.666666e+00	5.769700e+00
7.700000e+00	5.767124e+00
7.733333e+00	5.764548e+00
7.766666e+00	5.761972e+00
7.800000e+00	5.759397e+00
7.833334e+00	5.756821e+00
7.866666e+00	5.752921e+00
7.900000e+00	5.747042e+00
7.933333e+00	5.741162e+00
7.966666e+00	5.735283e+00
8.000001e+00	5.729403e+00
8.033333e+00	5.724551e+00
8.066666e+00	5.720855e+00
8.100000e+00	5.717160e+00
8.133333e+00	5.713464e+00
8.166667e+00	5.709769e+00
8.200000e+00	5.706074e+00
8.233333e+00	5.698599e+00
8.266666e+00	5.688465e+00
8.300000e+00	5.678330e+00
8.333334e+00	5.668195e+00
8.366666e+00	5.663543e+00
8.400000e+00	5.671891e+00
8.433334e+00	5.667479e+00
8.466666e+00	5.653026e+00
8.500001e+00	5.638573e+00
8.533333e+00	5.624534e+00
